0 1 2 3 4 5

01 02 03 04 05
12 13 14 15
23 24 25
34 35
45

012 013 014 015
023 024 025
034 035
045

123 124 125
134 135
145
234 235 245
345

0123 0124 0125
0134 0135
0145
0234 0235 0245
0345
1234 1235 1245 1345
2345

01234 01235 01245 01345
02345 12345

/////////////////////////////

*	0	1	2
			3
			4
			5
		2	3
			4
			5
		3	4
			5
		4	5
		5
	1	2	3
		3	4
		4
		5
	2	3
		4
		5
	3	4
		5
	4	5
	5


/////////////////////////

0	1	2
0	1	3
0	1	4
0	1	5
0	2	3
0	2	4
0	2	5
0	3	4
0	3	5
0	4	5
0	5

1	2
1	3
1	4
1	5

2	3
2	4
2	5

3	4
3	5

4	5
